57344
49153
49154
53251
61444
49157
53254
53256
61449
61450
49163
53260
53261
61454
45071
49168
45073
49170
57363
49172
61461
53270
57367
53272
49177
53274
49179
49180
45085
45086
57375
57376
53281
57378
49187
57380
53285
49190
45095
57384
53289
57386
45099
49196
53293
53294
53295
45104
49201
57394
53299
45108
49205
49206
49207
49208
53305
53306
57403
57404
57405
53310
53311
57408
61505
57410
57411
53316
57413
49222
49223
57416
49225
53322
57419
45132
45133
53326
49231
61520
57425
45138
57427
49236
45141
57430
49239
61528
53337
49242
61531
61532
45149
61534
45151
61536
61537
45154
61539
61540
49253
57446
45159
57448
53353
61546
53355
61548
45165
61550
57455
57456
45169
61554
49267
61556
57461
49270
49271
61560
61561
57466
45179
45180
57469
61566
57471
53376
57473
57474
61571
57476
45189
53382
49287
57480
57481
49290
49291
49292
53389
45198
57487
57488
45201
53394
49299
45204
57493
53398
57495
53400
57497
49306
45211
45212
57501
53406
57503
57504
45217
61602
45219
49316
57509
49318
49319
53417
53418
53419
57516
49325
61614
57519
53424
49329
49330
53427
49332
57525
61622
57527
57528
61626
61627
61628
61630
61632
49345
49346
53443
49348
53445
49350
61639
53448
49353
57546
49355
49356
45261
57550
57553
61650
61651
45268
57557
45271
61656
53465
49370
57563
45277
61662
49375
45280
45281
57570
49379
53476
61669
45286
61671
61672
61673
57579
61676
61677
61678
57583
49393
53490
61683
49396
57589
57590
49399
57593
53498
61691
61692
53502
61696
61697
49410
53507
45317
49414
61703
53512
45321
57610
61708
45325
53518
49423
49424
53521
57618
57619
45332
53525
53526
49431
61720
61721
49434
61723
49436
61725
57630
53536
61729
53538
49443
53540
57637
53542
57639
61736
57641
45354
61739
53548
45357
61742
45359
49456
61745
49458
57651
45364
61749
45366
53559
45368
57657
45370
61755
45372
45373
49470
57663
57664
57665
61762
49475
57668
61765
49478
57671
53576
49481
45386
61771
49484
45389
49486
61775
61776
53585
53586
45395
53588
49493
49494
53591
61784
49497
61786
61787
57692
61789
49503
53600
61793
57698
57700
53605
53606
45415
57704
61801
61802
45419
61804
49517
57710
61807
61808
45425
57714
53619
61812
61813
57718
53623
57720
49529
53626
61819
57724
49533
53630
61823
53632
53633
45443
61828
49542
61831
61832
49545
45450
45451
53644
53645
45454
61839
45456
45457
61842
61843
49556
57749
45462
45463
57752
45465
53658
45467
57756
45469
61854
49567
53664
49569
57762
45475
57764
45477
49574
49575
61864
61865
45482
61867
57772
53677
53678
53679
49584
61873
49586
57779
45492
61877
49590
53687
61880
49593
53690
45499
53692
45501
49598
49599
45504
53697
61890
57795
49604
45509
49606
45511
53704
61897
57802
45515
61900
53709
45518
49615
49616
45521
61906
61907
53716
57813
53718
49623
49624
61913
61914
57819
45532
61917
45534
61919
61920
57825
57826
61923
49636
57829
45542
49639
45544
57833
53738
45547
49644
61933
57838
61935
57840
53745
61938
57843
57844
57845
53750
45559
45560
57849
49658
57851
61948
45565
57854
61951
57856
49665
45570
53763
53764
57861
53766
61959
57864
45577
53770
61963
57868
61965
53774
61967
61968
45585
49682
45587
57876
57877
61974
49687
61976
45593
61978
57883
45596
45597
57886
49695
45600
61985
45602
57891
53796
45605
53798
57895
45608
53801
45610
49707
61996
57901
53806
49711
45616
53809
49714
57907
62004
62005
49718
57911
57912
49721
62010
53819
57916
62013
53822
49727
53824
62017
53826
45635
57924
45637
57926
49735
49736
57929
62026
62027
62028
53837
53838
53839
62032
49745
62034
57939
62036
45653
49750
45655
45656
49753
57946
49755
45660
62045
45662
49759
53856
57953
45666
49763
62052
45669
57958
57959
62056
62057
57962
45675
53868
62061
62062
53871
53872
53873
62066
45683
53876
45685
53878
49783
45688
53881
57978
53883
53884
49789
57982
53887
45696
45697
57986
49795
62084
49797
45702
45703
62088
45705
57994
62091
49804
57997
57998
57999
62096
62097
45715
53908
58005
62102
49815
49816
62105
53914
53915
58012
58013
62110
53919
49824
58017
58018
53923
53924
62117
53926
45735
58024
53929
58026
58027
49836
62125
45742
53935
62128
49841
49842
53939
53940
62133
62134
62135
58040
62137
62138
53947
53948
58045
53950
62143
45761
53954
49859
62148
62149
49862
62151
45768
53961
62154
58059
62156
45773
49870
53967
53968
62161
62162
53971
45780
49877
45782
49879
62168
53977
49882
53979
49884
45789
49886
62175
45792
58081
49890
53987
45796
58085
53990
62183
45800
62185
62186
53995
45804
53997
53998
53999
54000
62193
54002
58099
58100
54005
54007
58104
62202
49915
54012
45821
54014
45823
45824
49921
45827
49924
49925
49926
54023
54024
58121
49930
62219
45836
45837
54030
54031
45840
62225
45842
58131
62228
45845
58134
62231
62232
49945
58138
62235
54044
54045
62238
49951
49952
62241
45858
45859
58148
45861
45862
62247
54056
62249
54058
58155
58156
54061
58158
62255
54065
45874
62259
45876
54069
45878
45879
54072
62265
45882
58171
58172
54077
58174
62271
49984
49985
49986
62275
54084
62277
54086
62279
54088
45897
49994
45899
58188
54093
49998
58191
58192
58193
50002
62291
58196
45909
62294
54103
62296
54105
62298
45915
50012
54109
58206
50015
58208
62305
62306
58211
50020
45925
45926
62311
62312
58217
58218
45931
58221
58222
50031
45936
62321
58226
54131
54132
54133
45942
50039
54136
50041
54139
54140
45949
62334
58239
54144
50049
58242
62339
45957
45958
54151
62344
54153
54154
54155
58252
54157
45967
45969
54162
58259
45972
58262
50071
62360
54169
62362
45979
58268
62365
58270
54175
54176
50081
62370
58275
62372
54182
54183
45992
58281
50090
62380
45997
45998
45999
50096
46001
62386
62387
46004
46005
50102
46007
54200
46009
54202
46011
46012
58301
62398
50111
62400
62402
58308
46021
46022
62407
58313
62410
58315
46028
58317
54222
62415
54224
50129
46034
46035
50132
50133
54230
62423
54232
50137
62426
46043
54236
62429
50142
54239
58336
54241
46050
58339
46052
54245
58342
50151
54248
46057
58346
58347
62444
50157
58350
50159
46064
46065
58354
54259
46068
50165
62454
50167
50168
62457
46074
50171
54268
58365
54270
62463
46080
46081
54274
58371
46084
62469
54278
58375
58376
46089
50186
54283
62476
50189
46094
50191
62480
50193
54290
62483
50196
62485
58390
62487
50200
62489
54298
46107
58396
46109
50206
54303
50208
54305
58402
50211
58404
58405
62502
62503
50216
58409
62506
50219
46124
54317
46126
54319
46128
46129
50226
46131
58420
46133
46134
46135
54328
58425
54330
62523
50236
54333
46142
54335
46144
50241
62530
54339
50244
50245
58438
62535
58440
50249
62538
54347
62540
54349
46158
54351
58448
58449
58450
58451
54356
62549
58454
58455
58456
46169
50266
58459
58460
46173
58462
62559
46176
58465
58466
46179
58468
58469
62566
62567
46184
58473
58475
54380
62573
54382
46191
62576
58481
62578
58483
54388
54389
54390
58487
50296
58489
62586
50299
46204
46205
62590
46207
58496
54401
50306
50307
54404
50309
54406
46215
50312
54409
50314
62603
54412
54413
46222
46223
50320
54417
46226
58515
50324
50325
50326
50327
54424
58521
54426
58523
58524
46237
58526
46239
62624
62625
46242
50339
58532
62629
50342
46247
54440
54441
46250
58539
50348
54445
62638
54447
58544
54449
46258
54451
54452
50357
46262
62647
54456
58553
50362
62651
50364
54461
58558
62655
62656
50369
50370
50371
54468
54469
58566
58567
54472
62665
58570
54475
54476
58573
58574
54479
46288
58577
50386
54483
46292
46293
62678
58583
50392
62681
50394
50395
54492
50397
50398
58591
46304
62689
58594
62691
54500
46309
54502
58599
54504
62697
58602
50411
54508
50413
54510
46319
62704
58609
46322
62707
58612
54517
62710
62711
46328
54521
62714
46331
46332
50430
62719
54528
62721
46338
54531
58628
58629
50438
54535
46344
62729
54538
54539
58636
50445
62734
62735
62736
54545
50450
62739
50452
62741
58646
54551
54552
46361
46362
58651
62748
58653
54558
54559
46368
62753
54562
58659
50468
54565
54566
46375
46376
62761
46378
50475
46380
62765
54574
62767
62768
54577
58674
62771
62772
62773
62774
46391
54584
46393
62778
46395
46396
58685
50494
46399
54592
54593
50498
46403
62788
58693
46406
50503
50504
46409
46410
46411
50508
50509
46414
46415
46416
54609
58706
54611
54612
58709
54614
50519
50520
50521
62810
58715
46428
58717
50526
62815
50528
54625
62818
50531
62820
62821
46438
62823
54632
58729
62826
46443
58732
58733
54638
54639
46448
46449
50546
50547
54644
58741
54646
54647
62840
58745
62842
46459
50556
46461
46462
54655
62848
62849
46466
58755
50564
50565
58758
50567
46472
46473
62858
46475
50572
58765
54670
50575
50576
50577
50578
46483
54676
58773
54678
46487
62872
46489
58778
58779
46492
62877
58782
62879
62880
62881
46498
54691
46500
50597
50598
46503
46504
54697
46506
54699
46508
46509
46510
58799
46512
58801
54706
54707
62900
62901
62902
50615
62904
46521
62906
50619
46524
50621
62910
58815
54720
46529
62914
50627
54724
58821
62918
50631
58824
62922
46540
62925
50638
50639
46544
54737
46546
46547
62932
62933
50646
54743
62936
50649
58842
62939
54748
50653
54750
50655
50656
50657
46562
62947
50660
62949
58854
54759
54760
50665
62954
62955
58860
50669
46574
62959
54768
62961
50674
50675
62964
62965
46582
50679
62968
58873
62970
46587
58876
50685
50686
58879
54784
62977
62978
50691
46596
54789
58886
46599
58888
54793
54794
54795
50700
46605
50702
62991
46609
62994
46611
54804
58901
54806
46615
58904
54809
63002
46619
50716
46621
46622
46624
63009
54818
63011
50724
54821
54822
46631
54824
63017
50730
54827
54828
54829
46638
46639
46640
63025
50738
54835
50740
63029
46646
54839
46648
58937
46650
63035
46652
58941
46654
54847
58944
58945
50754
50755
46660
50757
58950
46663
54856
50761
63050
46667
58956
63053
50766
54863
63056
50769
58962
63059
63060
63061
46678
54871
50776
46681
46682
46683
54876
63069
58974
54879
63072
63073
54882
63075
54884
46693
58982
58983
63080
54889
50794
54891
58988
58989
46702
58991
63088
50801
63090
63091
58996
50805
50806
46711
54904
59001
46714
54907
59004
50813
46718
54911
50816
59009
50818
63107
63108
54917
50822
46727
63112
59017
63114
50827
59020
54925
46734
50831
59025
63122
50835
50836
54933
54934
46743
63128
50841
46746
46747
46748
63133
50846
63135
59040
59041
50851
54948
63142
59047
63145
50858
63147
54956
59053
59054
46767
59056
46769
59058
54963
54965
63158
63159
54968
59065
46778
59068
46781
63166
54975
46784
59073
54978
54979
54980
50885
54982
46791
59080
50889
54986
46795
50892
59085
63182
46799
50896
46801
46802
54995
63188
46805
46806
63191
55000
55001
63194
55003
59100
55005
63198
46815
59104
55009
46818
55011
55012
55013
59110
63207
46824
63210
63211
59116
50925
59118
55023
55024
63217
46834
55027
63220
50933
63222
63223
63224
59129
63226
50939
55036
63229
